{
 "cells": [
  {
   "cell_type": "code",
   "execution_count": 11,
   "id": "8018697a-2a37-47e1-87dd-00f95fdeb67c",
   "metadata": {},
   "outputs": [
    {
     "name": "stdin",
     "output_type": "stream",
     "text": [
      "Once deleted, variables cannot be recovered. Proceed (y/[n])?  y\n"
     ]
    }
   ],
   "source": [
    "%reset"
   ]
  },
  {
   "cell_type": "code",
   "execution_count": 12,
   "id": "f8e3c0ea-b166-4ba4-bfcf-4decff310b84",
   "metadata": {},
   "outputs": [],
   "source": [
    "import pandas as pd\n",
    "import numpy as np\n",
    "import matplotlib.pyplot as plt\n",
    "import cvxpy as cp\n",
    "#sysはコマンドライン引数\n",
    "import sys\n",
    "import csv\n",
    "np.seterr(divide='ignore', invalid='ignore')\n",
    "#csvファイルの読み込み\n",
    "iris = pd.read_csv(\"../iris-dataset.csv\")\n",
    "df = iris.drop('species', axis=1)\n",
    "#dfをnumpyで扱えるnp.ndarray変換\n",
    "X = df.values\n",
    "#配列の行数、列数の格納\n",
    "X_size,dimension = X.shape\n",
    "#クラスタ数宣言\n",
    "c = 3\n",
    "#Kはクラスタサイズ \n",
    "K = X_size /c\n",
    "max_iter = 100\n",
    "best_J = 10000"
   ]
  },
  {
   "cell_type": "code",
   "execution_count": null,
   "id": "b3bd1935-abaa-4b9f-9c7e-7d4cdd26e048",
   "metadata": {
    "collapsed": true,
    "jupyter": {
     "outputs_hidden": true
    },
    "tags": []
   },
   "outputs": [
    {
     "name": "stdout",
     "output_type": "stream",
     "text": [
      "0\n",
      "回目のクラスタリング結果↓\n",
      "4.254850237088095\n",
      "[[6.5809064  3.00865925 5.40692884 1.97254269]\n",
      " [5.93921318 2.81808909 4.39340783 1.40453004]\n",
      " [5.0073814  3.38457268 1.49985005 0.25004123]]\n",
      "終了\n",
      "1\n",
      "回目のクラスタリング結果↓\n",
      "4.254850237088086\n",
      "[[5.93921318 2.81808909 4.39340783 1.40453004]\n",
      " [6.5809064  3.00865925 5.40692884 1.97254269]\n",
      " [5.0073814  3.38457268 1.49985005 0.25004123]]\n",
      "終了\n",
      "2\n",
      "回目のクラスタリング結果↓\n",
      "4.254850237088086\n",
      "[[5.93921318 2.81808909 4.39340783 1.40453004]\n",
      " [6.5809064  3.00865925 5.40692884 1.97254269]\n",
      " [5.0073814  3.38457268 1.49985005 0.25004123]]\n",
      "終了\n",
      "3\n",
      "回目のクラスタリング結果↓\n",
      "4.254850237088086\n",
      "[[5.93921318 2.81808909 4.39340783 1.40453004]\n",
      " [6.5809064  3.00865925 5.40692884 1.97254269]\n",
      " [5.0073814  3.38457268 1.49985005 0.25004123]]\n",
      "終了\n",
      "4\n",
      "回目のクラスタリング結果↓\n",
      "4.254850237088086\n",
      "[[5.93921318 2.81808909 4.39340783 1.40453004]\n",
      " [6.5809064  3.00865925 5.40692884 1.97254269]\n",
      " [5.0073814  3.38457268 1.49985005 0.25004123]]\n",
      "終了\n",
      "5\n",
      "回目のクラスタリング結果↓\n",
      "4.254850237088082\n",
      "[[5.0073814  3.38457268 1.49985005 0.25004123]\n",
      " [6.5809064  3.00865925 5.40692884 1.97254269]\n",
      " [5.93921318 2.81808909 4.39340783 1.40453004]]\n",
      "終了\n",
      "6\n",
      "回目のクラスタリング結果↓\n",
      "4.254850237088082\n",
      "[[5.0073814  3.38457268 1.49985005 0.25004123]\n",
      " [6.5809064  3.00865925 5.40692884 1.97254269]\n",
      " [5.93921318 2.81808909 4.39340783 1.40453004]]\n",
      "終了\n",
      "7\n",
      "回目のクラスタリング結果↓\n",
      "4.254850237088082\n",
      "[[5.0073814  3.38457268 1.49985005 0.25004123]\n",
      " [6.5809064  3.00865925 5.40692884 1.97254269]\n",
      " [5.93921318 2.81808909 4.39340783 1.40453004]]\n",
      "終了\n",
      "8\n",
      "回目のクラスタリング結果↓\n",
      "4.254850237088082\n",
      "[[5.0073814  3.38457268 1.49985005 0.25004123]\n",
      " [6.5809064  3.00865925 5.40692884 1.97254269]\n",
      " [5.93921318 2.81808909 4.39340783 1.40453004]]\n",
      "終了\n",
      "9\n",
      "回目のクラスタリング結果↓\n",
      "4.254850237088082\n",
      "[[5.0073814  3.38457268 1.49985005 0.25004123]\n",
      " [6.5809064  3.00865925 5.40692884 1.97254269]\n",
      " [5.93921318 2.81808909 4.39340783 1.40453004]]\n",
      "終了\n"
     ]
    },
    {
     "name": "stderr",
     "output_type": "stream",
     "text": [
      "/Users/kouki/opt/anaconda3/lib/python3.9/site-packages/cvxpy/problems/problem.py:1294: UserWarning: Solution may be inaccurate. Try another solver, adjusting the solver settings, or solve with verbose=True for more information.\n",
      "  warnings.warn(\n"
     ]
    },
    {
     "name": "stdout",
     "output_type": "stream",
     "text": [
      "10\n",
      "回目のクラスタリング結果↓\n",
      "4.254850237088082\n",
      "[[5.0073814  3.38457268 1.49985005 0.25004123]\n",
      " [6.5809064  3.00865925 5.40692884 1.97254269]\n",
      " [5.93921318 2.81808909 4.39340783 1.40453004]]\n",
      "終了\n",
      "11\n",
      "回目のクラスタリング結果↓\n",
      "4.254850237088082\n",
      "[[5.0073814  3.38457268 1.49985005 0.25004123]\n",
      " [6.5809064  3.00865925 5.40692884 1.97254269]\n",
      " [5.93921318 2.81808909 4.39340783 1.40453004]]\n",
      "終了\n",
      "12\n",
      "回目のクラスタリング結果↓\n",
      "4.254850237088082\n",
      "[[5.0073814  3.38457268 1.49985005 0.25004123]\n",
      " [6.5809064  3.00865925 5.40692884 1.97254269]\n",
      " [5.93921318 2.81808909 4.39340783 1.40453004]]\n",
      "終了\n",
      "13\n",
      "回目のクラスタリング結果↓\n",
      "4.254850237088082\n",
      "[[5.0073814  3.38457268 1.49985005 0.25004123]\n",
      " [6.5809064  3.00865925 5.40692884 1.97254269]\n",
      " [5.93921318 2.81808909 4.39340783 1.40453004]]\n",
      "終了\n",
      "14\n",
      "回目のクラスタリング結果↓\n",
      "4.254850237088082\n",
      "[[5.0073814  3.38457268 1.49985005 0.25004123]\n",
      " [6.5809064  3.00865925 5.40692884 1.97254269]\n",
      " [5.93921318 2.81808909 4.39340783 1.40453004]]\n",
      "終了\n",
      "15\n",
      "回目のクラスタリング結果↓\n",
      "4.254850237088082\n",
      "[[5.0073814  3.38457268 1.49985005 0.25004123]\n",
      " [6.5809064  3.00865925 5.40692884 1.97254269]\n",
      " [5.93921318 2.81808909 4.39340783 1.40453004]]\n",
      "終了\n",
      "16\n",
      "回目のクラスタリング結果↓\n",
      "4.254850237088082\n",
      "[[5.0073814  3.38457268 1.49985005 0.25004123]\n",
      " [6.5809064  3.00865925 5.40692884 1.97254269]\n",
      " [5.93921318 2.81808909 4.39340783 1.40453004]]\n",
      "終了\n",
      "17\n",
      "回目のクラスタリング結果↓\n",
      "4.254850237088082\n",
      "[[5.0073814  3.38457268 1.49985005 0.25004123]\n",
      " [6.5809064  3.00865925 5.40692884 1.97254269]\n",
      " [5.93921318 2.81808909 4.39340783 1.40453004]]\n",
      "終了\n",
      "18\n",
      "回目のクラスタリング結果↓\n",
      "4.254850237088082\n",
      "[[5.0073814  3.38457268 1.49985005 0.25004123]\n",
      " [6.5809064  3.00865925 5.40692884 1.97254269]\n",
      " [5.93921318 2.81808909 4.39340783 1.40453004]]\n",
      "終了\n",
      "19\n",
      "回目のクラスタリング結果↓\n",
      "4.254850237088082\n",
      "[[5.0073814  3.38457268 1.49985005 0.25004123]\n",
      " [6.5809064  3.00865925 5.40692884 1.97254269]\n",
      " [5.93921318 2.81808909 4.39340783 1.40453004]]\n",
      "終了\n",
      "20\n",
      "回目のクラスタリング結果↓\n",
      "4.254850237088082\n",
      "[[5.0073814  3.38457268 1.49985005 0.25004123]\n",
      " [6.5809064  3.00865925 5.40692884 1.97254269]\n",
      " [5.93921318 2.81808909 4.39340783 1.40453004]]\n",
      "終了\n",
      "21\n",
      "回目のクラスタリング結果↓\n",
      "4.254850237088082\n",
      "[[5.0073814  3.38457268 1.49985005 0.25004123]\n",
      " [6.5809064  3.00865925 5.40692884 1.97254269]\n",
      " [5.93921318 2.81808909 4.39340783 1.40453004]]\n",
      "終了\n",
      "22\n",
      "回目のクラスタリング結果↓\n",
      "4.254850237088075\n",
      "[[6.5809064  3.00865925 5.40692884 1.97254269]\n",
      " [5.0073814  3.38457268 1.49985005 0.25004123]\n",
      " [5.93921318 2.81808909 4.39340783 1.40453004]]\n",
      "終了\n",
      "23\n",
      "回目のクラスタリング結果↓\n",
      "4.254850237088075\n",
      "[[6.5809064  3.00865925 5.40692884 1.97254269]\n",
      " [5.0073814  3.38457268 1.49985005 0.25004123]\n",
      " [5.93921318 2.81808909 4.39340783 1.40453004]]\n",
      "終了\n",
      "24\n",
      "回目のクラスタリング結果↓\n",
      "4.254850237088075\n",
      "[[6.5809064  3.00865925 5.40692884 1.97254269]\n",
      " [5.0073814  3.38457268 1.49985005 0.25004123]\n",
      " [5.93921318 2.81808909 4.39340783 1.40453004]]\n",
      "終了\n",
      "25\n",
      "回目のクラスタリング結果↓\n",
      "4.254850237088075\n",
      "[[6.5809064  3.00865925 5.40692884 1.97254269]\n",
      " [5.0073814  3.38457268 1.49985005 0.25004123]\n",
      " [5.93921318 2.81808909 4.39340783 1.40453004]]\n",
      "終了\n",
      "26\n",
      "回目のクラスタリング結果↓\n",
      "4.254850237088075\n",
      "[[6.5809064  3.00865925 5.40692884 1.97254269]\n",
      " [5.0073814  3.38457268 1.49985005 0.25004123]\n",
      " [5.93921318 2.81808909 4.39340783 1.40453004]]\n",
      "終了\n",
      "27\n",
      "回目のクラスタリング結果↓\n",
      "4.254850237088075\n",
      "[[6.5809064  3.00865925 5.40692884 1.97254269]\n",
      " [5.0073814  3.38457268 1.49985005 0.25004123]\n",
      " [5.93921318 2.81808909 4.39340783 1.40453004]]\n",
      "終了\n",
      "28\n",
      "回目のクラスタリング結果↓\n",
      "4.254850237088075\n",
      "[[6.5809064  3.00865925 5.40692884 1.97254269]\n",
      " [5.0073814  3.38457268 1.49985005 0.25004123]\n",
      " [5.93921318 2.81808909 4.39340783 1.40453004]]\n",
      "終了\n",
      "29\n",
      "回目のクラスタリング結果↓\n",
      "4.254850237088075\n",
      "[[6.5809064  3.00865925 5.40692884 1.97254269]\n",
      " [5.0073814  3.38457268 1.49985005 0.25004123]\n",
      " [5.93921318 2.81808909 4.39340783 1.40453004]]\n",
      "終了\n",
      "30\n",
      "回目のクラスタリング結果↓\n",
      "4.254850237088075\n",
      "[[6.5809064  3.00865925 5.40692884 1.97254269]\n",
      " [5.0073814  3.38457268 1.49985005 0.25004123]\n",
      " [5.93921318 2.81808909 4.39340783 1.40453004]]\n",
      "終了\n",
      "31\n",
      "回目のクラスタリング結果↓\n",
      "4.254850237088075\n",
      "[[6.5809064  3.00865925 5.40692884 1.97254269]\n",
      " [5.0073814  3.38457268 1.49985005 0.25004123]\n",
      " [5.93921318 2.81808909 4.39340783 1.40453004]]\n",
      "終了\n",
      "32\n",
      "回目のクラスタリング結果↓\n",
      "4.254850237088075\n",
      "[[6.5809064  3.00865925 5.40692884 1.97254269]\n",
      " [5.0073814  3.38457268 1.49985005 0.25004123]\n",
      " [5.93921318 2.81808909 4.39340783 1.40453004]]\n",
      "終了\n",
      "33\n",
      "回目のクラスタリング結果↓\n",
      "4.254850237088075\n",
      "[[6.5809064  3.00865925 5.40692884 1.97254269]\n",
      " [5.0073814  3.38457268 1.49985005 0.25004123]\n",
      " [5.93921318 2.81808909 4.39340783 1.40453004]]\n",
      "終了\n",
      "34\n",
      "回目のクラスタリング結果↓\n",
      "4.254850237088075\n",
      "[[6.5809064  3.00865925 5.40692884 1.97254269]\n",
      " [5.0073814  3.38457268 1.49985005 0.25004123]\n",
      " [5.93921318 2.81808909 4.39340783 1.40453004]]\n",
      "終了\n",
      "35\n",
      "回目のクラスタリング結果↓\n",
      "4.254850237088075\n",
      "[[6.5809064  3.00865925 5.40692884 1.97254269]\n",
      " [5.0073814  3.38457268 1.49985005 0.25004123]\n",
      " [5.93921318 2.81808909 4.39340783 1.40453004]]\n",
      "終了\n",
      "36\n",
      "回目のクラスタリング結果↓\n",
      "4.254850237088075\n",
      "[[6.5809064  3.00865925 5.40692884 1.97254269]\n",
      " [5.0073814  3.38457268 1.49985005 0.25004123]\n",
      " [5.93921318 2.81808909 4.39340783 1.40453004]]\n",
      "終了\n",
      "37\n",
      "回目のクラスタリング結果↓\n",
      "4.254850237088075\n",
      "[[6.5809064  3.00865925 5.40692884 1.97254269]\n",
      " [5.0073814  3.38457268 1.49985005 0.25004123]\n",
      " [5.93921318 2.81808909 4.39340783 1.40453004]]\n",
      "終了\n",
      "38\n",
      "回目のクラスタリング結果↓\n",
      "4.254850237088075\n",
      "[[6.5809064  3.00865925 5.40692884 1.97254269]\n",
      " [5.0073814  3.38457268 1.49985005 0.25004123]\n",
      " [5.93921318 2.81808909 4.39340783 1.40453004]]\n",
      "終了\n",
      "39\n",
      "回目のクラスタリング結果↓\n",
      "4.254850237088075\n",
      "[[6.5809064  3.00865925 5.40692884 1.97254269]\n",
      " [5.0073814  3.38457268 1.49985005 0.25004123]\n",
      " [5.93921318 2.81808909 4.39340783 1.40453004]]\n",
      "終了\n",
      "40\n",
      "回目のクラスタリング結果↓\n",
      "4.254850237088075\n",
      "[[6.5809064  3.00865925 5.40692884 1.97254269]\n",
      " [5.0073814  3.38457268 1.49985005 0.25004123]\n",
      " [5.93921318 2.81808909 4.39340783 1.40453004]]\n",
      "終了\n",
      "41\n",
      "回目のクラスタリング結果↓\n",
      "4.254850237088075\n",
      "[[6.5809064  3.00865925 5.40692884 1.97254269]\n",
      " [5.0073814  3.38457268 1.49985005 0.25004123]\n",
      " [5.93921318 2.81808909 4.39340783 1.40453004]]\n",
      "終了\n",
      "42\n",
      "回目のクラスタリング結果↓\n",
      "4.254850237088075\n",
      "[[6.5809064  3.00865925 5.40692884 1.97254269]\n",
      " [5.0073814  3.38457268 1.49985005 0.25004123]\n",
      " [5.93921318 2.81808909 4.39340783 1.40453004]]\n",
      "終了\n",
      "43\n",
      "回目のクラスタリング結果↓\n",
      "4.254850237088075\n",
      "[[6.5809064  3.00865925 5.40692884 1.97254269]\n",
      " [5.0073814  3.38457268 1.49985005 0.25004123]\n",
      " [5.93921318 2.81808909 4.39340783 1.40453004]]\n",
      "終了\n",
      "44\n",
      "回目のクラスタリング結果↓\n",
      "4.254850237088075\n",
      "[[6.5809064  3.00865925 5.40692884 1.97254269]\n",
      " [5.0073814  3.38457268 1.49985005 0.25004123]\n",
      " [5.93921318 2.81808909 4.39340783 1.40453004]]\n",
      "終了\n",
      "45\n",
      "回目のクラスタリング結果↓\n",
      "4.254850237088075\n",
      "[[6.5809064  3.00865925 5.40692884 1.97254269]\n",
      " [5.0073814  3.38457268 1.49985005 0.25004123]\n",
      " [5.93921318 2.81808909 4.39340783 1.40453004]]\n",
      "終了\n",
      "46\n",
      "回目のクラスタリング結果↓\n",
      "4.254850237088075\n",
      "[[6.5809064  3.00865925 5.40692884 1.97254269]\n",
      " [5.0073814  3.38457268 1.49985005 0.25004123]\n",
      " [5.93921318 2.81808909 4.39340783 1.40453004]]\n",
      "終了\n",
      "47\n",
      "回目のクラスタリング結果↓\n",
      "4.254850237088075\n",
      "[[6.5809064  3.00865925 5.40692884 1.97254269]\n",
      " [5.0073814  3.38457268 1.49985005 0.25004123]\n",
      " [5.93921318 2.81808909 4.39340783 1.40453004]]\n",
      "終了\n",
      "48\n",
      "回目のクラスタリング結果↓\n",
      "4.254850237088075\n",
      "[[6.5809064  3.00865925 5.40692884 1.97254269]\n",
      " [5.0073814  3.38457268 1.49985005 0.25004123]\n",
      " [5.93921318 2.81808909 4.39340783 1.40453004]]\n",
      "終了\n",
      "49\n",
      "回目のクラスタリング結果↓\n",
      "4.254850237088075\n",
      "[[6.5809064  3.00865925 5.40692884 1.97254269]\n",
      " [5.0073814  3.38457268 1.49985005 0.25004123]\n",
      " [5.93921318 2.81808909 4.39340783 1.40453004]]\n",
      "終了\n",
      "50\n",
      "回目のクラスタリング結果↓\n",
      "4.254850237088075\n",
      "[[6.5809064  3.00865925 5.40692884 1.97254269]\n",
      " [5.0073814  3.38457268 1.49985005 0.25004123]\n",
      " [5.93921318 2.81808909 4.39340783 1.40453004]]\n",
      "終了\n",
      "51\n",
      "回目のクラスタリング結果↓\n",
      "4.254850237088075\n",
      "[[6.5809064  3.00865925 5.40692884 1.97254269]\n",
      " [5.0073814  3.38457268 1.49985005 0.25004123]\n",
      " [5.93921318 2.81808909 4.39340783 1.40453004]]\n",
      "終了\n",
      "52\n",
      "回目のクラスタリング結果↓\n",
      "4.254850237088075\n",
      "[[6.5809064  3.00865925 5.40692884 1.97254269]\n",
      " [5.0073814  3.38457268 1.49985005 0.25004123]\n",
      " [5.93921318 2.81808909 4.39340783 1.40453004]]\n",
      "終了\n",
      "53\n",
      "回目のクラスタリング結果↓\n",
      "4.254850237088075\n",
      "[[6.5809064  3.00865925 5.40692884 1.97254269]\n",
      " [5.0073814  3.38457268 1.49985005 0.25004123]\n",
      " [5.93921318 2.81808909 4.39340783 1.40453004]]\n",
      "終了\n",
      "54\n",
      "回目のクラスタリング結果↓\n",
      "4.254850237088075\n",
      "[[6.5809064  3.00865925 5.40692884 1.97254269]\n",
      " [5.0073814  3.38457268 1.49985005 0.25004123]\n",
      " [5.93921318 2.81808909 4.39340783 1.40453004]]\n",
      "終了\n",
      "55\n",
      "回目のクラスタリング結果↓\n",
      "4.254850237088075\n",
      "[[6.5809064  3.00865925 5.40692884 1.97254269]\n",
      " [5.0073814  3.38457268 1.49985005 0.25004123]\n",
      " [5.93921318 2.81808909 4.39340783 1.40453004]]\n",
      "終了\n",
      "56\n",
      "回目のクラスタリング結果↓\n",
      "4.254850237088075\n",
      "[[6.5809064  3.00865925 5.40692884 1.97254269]\n",
      " [5.0073814  3.38457268 1.49985005 0.25004123]\n",
      " [5.93921318 2.81808909 4.39340783 1.40453004]]\n",
      "終了\n",
      "57\n",
      "回目のクラスタリング結果↓\n",
      "4.254850237088075\n",
      "[[6.5809064  3.00865925 5.40692884 1.97254269]\n",
      " [5.0073814  3.38457268 1.49985005 0.25004123]\n",
      " [5.93921318 2.81808909 4.39340783 1.40453004]]\n",
      "終了\n",
      "58\n",
      "回目のクラスタリング結果↓\n",
      "4.254850237088075\n",
      "[[6.5809064  3.00865925 5.40692884 1.97254269]\n",
      " [5.0073814  3.38457268 1.49985005 0.25004123]\n",
      " [5.93921318 2.81808909 4.39340783 1.40453004]]\n",
      "終了\n",
      "59\n",
      "回目のクラスタリング結果↓\n",
      "4.254850237088075\n",
      "[[6.5809064  3.00865925 5.40692884 1.97254269]\n",
      " [5.0073814  3.38457268 1.49985005 0.25004123]\n",
      " [5.93921318 2.81808909 4.39340783 1.40453004]]\n",
      "終了\n",
      "60\n",
      "回目のクラスタリング結果↓\n",
      "4.254850237088075\n",
      "[[6.5809064  3.00865925 5.40692884 1.97254269]\n",
      " [5.0073814  3.38457268 1.49985005 0.25004123]\n",
      " [5.93921318 2.81808909 4.39340783 1.40453004]]\n",
      "終了\n",
      "61\n",
      "回目のクラスタリング結果↓\n",
      "4.254850237088075\n",
      "[[6.5809064  3.00865925 5.40692884 1.97254269]\n",
      " [5.0073814  3.38457268 1.49985005 0.25004123]\n",
      " [5.93921318 2.81808909 4.39340783 1.40453004]]\n",
      "終了\n",
      "62\n",
      "回目のクラスタリング結果↓\n",
      "4.254850237088062\n",
      "[[6.5809064  3.00865925 5.40692884 1.97254269]\n",
      " [5.93921318 2.81808909 4.39340783 1.40453004]\n",
      " [5.0073814  3.38457268 1.49985005 0.25004123]]\n",
      "終了\n",
      "63\n",
      "回目のクラスタリング結果↓\n",
      "4.254850237088062\n",
      "[[6.5809064  3.00865925 5.40692884 1.97254269]\n",
      " [5.93921318 2.81808909 4.39340783 1.40453004]\n",
      " [5.0073814  3.38457268 1.49985005 0.25004123]]\n",
      "終了\n",
      "64\n",
      "回目のクラスタリング結果↓\n",
      "4.254850237088062\n",
      "[[6.5809064  3.00865925 5.40692884 1.97254269]\n",
      " [5.93921318 2.81808909 4.39340783 1.40453004]\n",
      " [5.0073814  3.38457268 1.49985005 0.25004123]]\n",
      "終了\n",
      "65\n",
      "回目のクラスタリング結果↓\n",
      "4.254850237088062\n",
      "[[6.5809064  3.00865925 5.40692884 1.97254269]\n",
      " [5.93921318 2.81808909 4.39340783 1.40453004]\n",
      " [5.0073814  3.38457268 1.49985005 0.25004123]]\n",
      "終了\n",
      "66\n",
      "回目のクラスタリング結果↓\n",
      "4.254850237088062\n",
      "[[6.5809064  3.00865925 5.40692884 1.97254269]\n",
      " [5.93921318 2.81808909 4.39340783 1.40453004]\n",
      " [5.0073814  3.38457268 1.49985005 0.25004123]]\n",
      "終了\n",
      "67\n",
      "回目のクラスタリング結果↓\n",
      "4.254850237088062\n",
      "[[6.5809064  3.00865925 5.40692884 1.97254269]\n",
      " [5.93921318 2.81808909 4.39340783 1.40453004]\n",
      " [5.0073814  3.38457268 1.49985005 0.25004123]]\n",
      "終了\n",
      "68\n",
      "回目のクラスタリング結果↓\n",
      "4.254850237088062\n",
      "[[6.5809064  3.00865925 5.40692884 1.97254269]\n",
      " [5.93921318 2.81808909 4.39340783 1.40453004]\n",
      " [5.0073814  3.38457268 1.49985005 0.25004123]]\n",
      "終了\n",
      "69\n",
      "回目のクラスタリング結果↓\n",
      "4.254850237088062\n",
      "[[6.5809064  3.00865925 5.40692884 1.97254269]\n",
      " [5.93921318 2.81808909 4.39340783 1.40453004]\n",
      " [5.0073814  3.38457268 1.49985005 0.25004123]]\n",
      "終了\n",
      "70\n",
      "回目のクラスタリング結果↓\n",
      "4.254850237088062\n",
      "[[6.5809064  3.00865925 5.40692884 1.97254269]\n",
      " [5.93921318 2.81808909 4.39340783 1.40453004]\n",
      " [5.0073814  3.38457268 1.49985005 0.25004123]]\n",
      "終了\n",
      "71\n",
      "回目のクラスタリング結果↓\n",
      "4.254850237088062\n",
      "[[6.5809064  3.00865925 5.40692884 1.97254269]\n",
      " [5.93921318 2.81808909 4.39340783 1.40453004]\n",
      " [5.0073814  3.38457268 1.49985005 0.25004123]]\n",
      "終了\n",
      "72\n",
      "回目のクラスタリング結果↓\n",
      "4.254850237088062\n",
      "[[6.5809064  3.00865925 5.40692884 1.97254269]\n",
      " [5.93921318 2.81808909 4.39340783 1.40453004]\n",
      " [5.0073814  3.38457268 1.49985005 0.25004123]]\n",
      "終了\n",
      "73\n",
      "回目のクラスタリング結果↓\n",
      "4.254850237088062\n",
      "[[6.5809064  3.00865925 5.40692884 1.97254269]\n",
      " [5.93921318 2.81808909 4.39340783 1.40453004]\n",
      " [5.0073814  3.38457268 1.49985005 0.25004123]]\n",
      "終了\n",
      "74\n",
      "回目のクラスタリング結果↓\n",
      "4.254850237088062\n",
      "[[6.5809064  3.00865925 5.40692884 1.97254269]\n",
      " [5.93921318 2.81808909 4.39340783 1.40453004]\n",
      " [5.0073814  3.38457268 1.49985005 0.25004123]]\n",
      "終了\n",
      "75\n",
      "回目のクラスタリング結果↓\n",
      "4.254850237088062\n",
      "[[6.5809064  3.00865925 5.40692884 1.97254269]\n",
      " [5.93921318 2.81808909 4.39340783 1.40453004]\n",
      " [5.0073814  3.38457268 1.49985005 0.25004123]]\n",
      "終了\n",
      "76\n",
      "回目のクラスタリング結果↓\n",
      "4.254850237088062\n",
      "[[6.5809064  3.00865925 5.40692884 1.97254269]\n",
      " [5.93921318 2.81808909 4.39340783 1.40453004]\n",
      " [5.0073814  3.38457268 1.49985005 0.25004123]]\n",
      "終了\n",
      "77\n",
      "回目のクラスタリング結果↓\n",
      "4.254850237088062\n",
      "[[6.5809064  3.00865925 5.40692884 1.97254269]\n",
      " [5.93921318 2.81808909 4.39340783 1.40453004]\n",
      " [5.0073814  3.38457268 1.49985005 0.25004123]]\n",
      "終了\n",
      "78\n",
      "回目のクラスタリング結果↓\n",
      "4.254850237088062\n",
      "[[6.5809064  3.00865925 5.40692884 1.97254269]\n",
      " [5.93921318 2.81808909 4.39340783 1.40453004]\n",
      " [5.0073814  3.38457268 1.49985005 0.25004123]]\n",
      "終了\n"
     ]
    }
   ],
   "source": [
    "#uの最適化部分関数作成\n",
    "def u_optimize(d):\n",
    "    #変数定義\n",
    "    u = [0] * len(d)\n",
    "    for i in  range (len(d)):\n",
    "        u[i] = cp.Variable()\n",
    "\n",
    "    #目的関数定義\n",
    "    Objective_function = 0 \n",
    "    for i  in range(len(d)):\n",
    "        Objective_function += d[i]*cp.power(u[i],5)\n",
    "    objective = cp.Minimize(Objective_function)\n",
    "    # 制約条件の定義\n",
    "    zeroijou = []\n",
    "    goukeiiti = []\n",
    "    goukeigo = []\n",
    "    constraints = []\n",
    "    #0以上\n",
    "    for i in range (len(d)):\n",
    "        zeroijou.append(u[i]>=0)\n",
    "    #合計1\n",
    "    for i in range (0,len(d),c):\n",
    "        #下の式はcの値によって逐次変更しないといけない\n",
    "        goukeiiti.append(u[i]+u[i+1]+u[i+2]==1)\n",
    "    #合計がクラスタサイズ\n",
    "    #下の式はcの値によって逐次変更しないといけない\n",
    "    goukeigo.append(sum(u[0:len(d):c])==K)\n",
    "    goukeigo.append(sum(u[1:len(d):c])==K)\n",
    "    goukeigo.append(sum(u[2:len(d):c])==K)\n",
    "    constraints.extend(zeroijou)\n",
    "    constraints.extend(goukeiiti)\n",
    "    constraints.extend(goukeigo)\n",
    "    \n",
    "    # 問題を定義\n",
    "    problem = cp.Problem(objective, constraints)\n",
    "    # 最適化 (戻り値は最適化後に得られた値=最小値)\n",
    "    result = problem.solve()\n",
    "    #帰属度uと目的関数Jの値を抽出(ndarray型)\n",
    "    u_value = np.empty(0)#空のndarrayを作成\n",
    "    for i in range (len(d)):\n",
    "        u_value = np.append(u_value,u[i].value)\n",
    "    u = u_value\n",
    "    return u,result\n",
    "\n",
    "#クラスタ中心計算部分関数作成\n",
    "def v_calculation(u_value):\n",
    "    u_list = u_value.reshape([X_size,c])\n",
    "    #分母計算(クラスタサイズになるはず)\n",
    "    v0_denominator=0\n",
    "    v1_denominator=0\n",
    "    v2_denominator=0\n",
    "    for i in range(0,len(d),c):\n",
    "        v0_denominator += u_value[i]**5\n",
    "    for i in range(1,len(d),c):\n",
    "        v1_denominator += u_value[i]**5\n",
    "    for i in range(2,len(d),c):\n",
    "        v2_denominator += u_value[i]**5\n",
    "    \n",
    "    #分子計算\n",
    "    v0_numerator = 0\n",
    "    v1_numerator = 0\n",
    "    v2_numerator = 0\n",
    "    for i in range(X_size):\n",
    "        v0_numerator += u_list[i][0]**5*X[i]\n",
    "    for i in range(X_size):\n",
    "        v1_numerator += u_list[i][1]**5*X[i]\n",
    "    for i in range(X_size):\n",
    "        v2_numerator += u_list[i][2]**5*X[i]\n",
    "    v=[0 for i in range(c)]\n",
    "    v[0] = v0_numerator / v0_denominator\n",
    "    v[1] = v1_numerator / v1_denominator\n",
    "    v[2] = v2_numerator / v2_denominator\n",
    "    return v\n",
    "\n",
    "for s in range (max_iter):\n",
    "    centroids = X[np.random.choice(X_size,c)]\n",
    "    for epoch in range(max_iter):\n",
    "        #dにはd11,d12,d13,d14,d21,d22,,,dn1,,dncの順でリスト作る\n",
    "        d=[]\n",
    "        for i in range(X_size):\n",
    "            for j in range(c):\n",
    "                d.append(np.sum((X[i]-centroids[j])**2))\n",
    "        #uの更新\n",
    "        optimize_result = u_optimize(d)\n",
    "        u = optimize_result[0]\n",
    "        J = optimize_result[1]\n",
    "        #vの更新\n",
    "        v = v_calculation(u)\n",
    "        new_centroids = np.array(v)\n",
    "        # もしも重心が変わっていなかったら終了\n",
    "        if(np.array_equal(new_centroids, centroids)):\n",
    "            print(\"中心が変わらないのでbreakします！\")\n",
    "            break\n",
    "        centroids =  np.copy(new_centroids)\n",
    "\n",
    "    #目的関数が小さくなっている時、cluster,best_J,best_centoridsの更新を行う\n",
    "    if best_J > J:\n",
    "        u_list = u.reshape([X_size,c])\n",
    "        np_cluster = np.argmax(u_list,axis=1)\n",
    "        #最適な目的関数の更新\n",
    "        best_J = J\n",
    "        #目的関数が小さくなるときの重心を格納\n",
    "        best_centroids = np.copy(new_centroids)\n",
    "    print(s)\n",
    "    print(\"回目のクラスタリング結果↓\")\n",
    "    print(best_J)\n",
    "    print(best_centroids)\n",
    "    print(\"終了\")\n",
    "print(np_cluster)\n",
    "print(best_J)\n",
    "print(best_centroids)"
   ]
  },
  {
   "cell_type": "code",
   "execution_count": 20,
   "id": "9f79fe2a-6ee7-4b0f-a382-a00cf7a89a99",
   "metadata": {},
   "outputs": [
    {
     "name": "stdout",
     "output_type": "stream",
     "text": [
      "[2 2 2 2 2 2 2 2 2 2 2 2 2 2 2 2 2 2 2 2 2 2 2 2 2 2 2 2 2 2 2 2 2 2 2 2 2\n",
      " 2 2 2 2 2 2 2 2 2 2 2 2 2 0 1 0 1 1 1 1 1 1 1 1 1 1 1 1 1 1 1 1 1 1 1 1 1\n",
      " 1 1 0 0 1 1 1 1 1 0 1 1 0 1 1 1 1 1 1 1 1 1 1 1 1 1 0 0 0 0 0 0 1 0 0 0 0\n",
      " 0 0 1 0 0 0 0 0 1 0 1 0 0 0 0 1 0 0 0 0 0 0 0 0 0 0 0 1 0 0 0 0 0 0 0 0 0\n",
      " 0 0]\n",
      "4.254850237088062\n",
      "[[6.5809064  3.00865925 5.40692884 1.97254269]\n",
      " [5.93921318 2.81808909 4.39340783 1.40453004]\n",
      " [5.0073814  3.38457268 1.49985005 0.25004123]]\n",
      "所属クラスタサイズ\n",
      "50\n",
      "50\n",
      "50\n",
      "帰属度とクラスタサイズの確認\n",
      "[1. 1. 1. 1. 1. 1. 1. 1. 1. 1. 1. 1. 1. 1. 1. 1. 1. 1. 1. 1. 1. 1. 1. 1.\n",
      " 1. 1. 1. 1. 1. 1. 1. 1. 1. 1. 1. 1. 1. 1. 1. 1. 1. 1. 1. 1. 1. 1. 1. 1.\n",
      " 1. 1. 1. 1. 1. 1. 1. 1. 1. 1. 1. 1. 1. 1. 1. 1. 1. 1. 1. 1. 1. 1. 1. 1.\n",
      " 1. 1. 1. 1. 1. 1. 1. 1. 1. 1. 1. 1. 1. 1. 1. 1. 1. 1. 1. 1. 1. 1. 1. 1.\n",
      " 1. 1. 1. 1. 1. 1. 1. 1. 1. 1. 1. 1. 1. 1. 1. 1. 1. 1. 1. 1. 1. 1. 1. 1.\n",
      " 1. 1. 1. 1. 1. 1. 1. 1. 1. 1. 1. 1. 1. 1. 1. 1. 1. 1. 1. 1. 1. 1. 1. 1.\n",
      " 1. 1. 1. 1. 1. 1.]\n",
      "[50. 50. 50.]\n"
     ]
    },
    {
     "data": {
